4290
4482
4445
4106
4341
4408
4380
4226
4274
4266
4490
4354
4393
4416
4407
4310
4379
4187
4411
4456
4352
4577
4334
4266
4315
4340
4454
4125
4177
4221
4322
4185
4256
4162
4250
4350
4445
4399
4227
4294
4150
4253
4324
4301
4172
4283
4320
4240
4168
4327
4109
4335
4095
4216
4176
4134
4263
4243
4194
4293
4292
4171
4306
4313
4093
4331
4215
4382
4382
4292
4315
4246
4283
4313
4189
4195
4243
4336
4147
4131
4280
4321
4287
4282
4199
4270
4129
4147
4294
4276
4191
4246
4193
4175
4203
4298
4448
4190
4113
4315
4030
4206
4317
4130
4084
4198
4207
4218
4224
4083
4222
4154
4173
4019
4314
4086
4229
4173
4161
4128
4237
4179
4168
4328
4164
4177
4350
4110
4242
4308
4152
4044
4343
4191
4123
4099
4170
4212
4261
4134
4188
4127
4118
4294
4185
4219
4120
4216
4175
4236
4213
4154
4270
4222
4123
4242
4162
4102
4262
4128
4100
4092
4182
4148
4218
4157
4122
4089
4253
4243
4069
4099
4155
4148
4184
4137
4070
4155
4278
4215
4113
4426
4264
4228
4021
4212
4093
4110
4290
4151
4096
4140
4108
4228
4274
4181
4160
4185
4187
4071
4262
4333
4231
4147
4072
4066
4123
4236
4311
4169
4240
4118
4069
4232
4133
4242
4194
4254
4229
4172
4202
4157
4075
4231
4163
4111
4189
4269
4090
4116
4089
4224
3989
4290
4138
4116
4136
4061
4238
4155
4137
4110
4076
4132
4192
4126
4179
4126
4113
4127
4132
4105
4237
4162
4249
4146
4230
4068
4207
4208
4164
4199
4262
4183
4103
4167
4193
4022
4125
4183
3996
4043
4167
4057
4162
4082
4079
4192
4191
4141
4085
4175
4221
4125
4095
4117
4013
4213
4175
4281
4136
4152
4109
4164
4317
4135
4146
4182
4178
4385
3957
4044
4188
4222
4077
4162
4167
4202
4047
4157
4156
4028
4148
4238
4234
3929
4338
4111
4186
4198
4237
4266
4105
4147
4251
4203
4147
4253
4181
4158
4105
4262
4085
4065
4002
4145
4150
4155
4286
4102
4270
4098
4271
4067
4174
4140
4101
4090
4221
4113
4314
4367
4089
4288
4338
4269
4251
4250
4256
4194
4284
4117
4171
4256
4093
3891
4258
4317
4308
4184
4239
4084
4201
4335
4228
4132
4312
4068
4197
4291
4204
4133
4211
4087
4171
4285
4328
4171
4205
4226
4245
4227
4136
4247
4356
4085
4177
4303
4292
4166
4181
4170
4204
4198
4409
4269
4187
4136
4263
4370
4200
4248
4253
4250
4179
4136
4161
4133
4237
4299
4226
4307
4196
4340
4324
4237
4133
4149
4156
4249
4270
4215
4335
3970
4170
4182
4268
4279
4215
4111
4231
4216
4032
4259
4126
4227
4253
4264
4246
4192
4098
4260
4246
4151
4292
4058
4205
4258
4302
4234
4262
4286
4006
4214
4133
4226
4224
4194
4229
4212
4155
4229
4311
4181
4177
4312
4274
4194
4319
4221
4189
4115
4361
4165
4368
4219
4103
4248
4104
4038
4158
4203
4210
4248
4160
4268
4224
4209
4311
4223
4363
4317
4258
4105
4370
4328
4301
4359
4124
4334
4342
4226
4344
4371
4182
4282
4198
4170
4255
4226
4206
4082
4306
4363
4145
4420
4356
4169
4297
4234
4366
4179
4126
4196
4243
4267
4319
4094
4235
4289
4049
4102
4270
4176
4224
4191
4234
4262
4107
4216
4308
4429
4197
4210
4241
4330
4344
4349
4404
4150
4300
4282
4243
4143
4404
4136
4213
4313
4302
4145
4328
4203
4286
4363
4253
4162
4146
4443
4048
4287
4264
4088
4262
4142
4133
4218
4149
4391
4286
4251
4100
4361
4307
4244
4280
4302
4189
4238
4028
4155
4173
4214
4136
4178
4353
4195
4292
4249
4198
4378
4125
4202
4386
4218
4213
4155
4174
4133
4150
4315
4310
4256
4147
4206
4217
4257
4181
4150
4300
4294
4248
4260
4286
4136
4332
4241
4209
4274
4261
4283
4335
4158
4404
4365
4383
4357
4198
4390
4296
4294
4181
4216
4389
4391
4418
4338
4351
4162
4230
4201
4154
4209
4212
4308
4143
4247
4343
4385
4285
4320
4255
4364
4230
4237
4361
4245
4203
4270
4215
4302
4311
4178
4256
4377
4214
4335
4240
4344
4345
4326
4178
4267
4283
4218
4183
4222
4368
4266
4339
4396
4183
4314
4231
4171
4235
4364
4232
4372
4370
4269
4132
4415
4353
4216
4267
4396
4152
4324
4165
4292
4361
4324
4127
4457
4357
4176
4321
4317
4489
4265
4375
4416
4415
4425
4355
4280
4338
4361
4342
4363
4328
4297
4140
4330
4239
4305
4345
4527
4424
4344
4320
4289
4197
4401
4498
4444
4394
4344
4499
4373
4267
4381
4423
4257
4412
4333
4238
4191
4354
4506
4333
4436
4459
4445
4363
4386
4285
4465
4469
4381
4439
4457
4281
4311
4303
4238
4401
4396
4316
4546
4426
4382
4377
4468
4473
4546
4548
4395
4432
4496
4427
4389
4157
4423
4530
4383
4376
4511
4412
4493
4420
4361
4488
4372
4375
4443
4420
4566
4454
4433
4526
4419
4731
4474
4471
4437
4548
4299
4484
4364
4283
4371
4507
4406
4279
4420
4539
4370
4433
4376
4268
4482
4310
4278
4408
4436
4475
4353
4548
4457
4448
4414
4375
4368
4489
4465
4532
4364
4416
4387
4208
4461
4426
4540
4455
4338
4284
4306
4489
4538
4441
4540
4372
4564
4527
4382
4417
4498
4427
4264
4414
4374
4330
4437
4299
4447
4203
4312
4424
4556
4339
4457
4211
4369
4429
4490
4252
4349
4350
4313
4306
4207
4299
4162
4310
4383
4347
4347
4485
4404
4389
4475
4406
4343
4292
4439
4298
4291
4374
4232
4280
4305
4328
4356
4324
4244
4497
4263
4373
4270
4343
4180
4363
4306
4452
4321
4385
4370
4310
4394
4299
4341
4229
4346
4330
4096
4273
4341
4366
4274
4404
4340
4187
4153
4210
4275
4392
4370
4371
4329
4218
4261
4332
4078
4279
4393
4386
4426
4286
4266
4258
4324
4235
4321
4308
4250
4400
4294
4360
4265
4205
4437
4180
4409
4269
4500
4325
4410
4421
4343
4319
4414
4431
4380
4232
4421
4301
4471
4425
4506
4390
4291
4253
4362
4414
4519
4436
4333
4383
4364
4337
4426
4358
4535
4490
4427
4318
4331
4299
4292
4350
4407
4260
4363
4247
4274
4318
4288
4293
4292
4380
4252
4146
4339
4468
4327
4292
4238
4362
4314
4364
4521
4306
4452
4362
4317
4466
4300
4169
4340
4314
4343
4248
4394
4310
4380
4495
4245
4403
4232
4298
4302
4270
4349
4346
4335
4346
4317
4420
4260
4442
4209
4406
4337
4355
4423
4336
4261
4458
4327
4399
4333
4407
4311
4284
4240
4387
4327
4213
4407
4189
4273
4455
4482
4185
4434
4297
4422
4480
4276
4336
4427
4320
4250
4327
4341
4389
4196
4226
4266
4425
4383
4157
4443
4279
4317
4432
4411
4444
4199
4359
4379
4285
4360
4224
4290
4373
4227
4353
4322
4359
4392
4432
4340
4359
4520
4579
4473
4301
4235
4446
4494
4359
4310
4286
4269
4295
4488
4382
4464
4445
4342
4404
4388
4328
4370
4371
4479
4437
4456
4177
4330
4322
4426
4307
4232
4501
4433
4352
4375
4426
4259
4378
4241
4532
4450
4399
4232
4270
4446
4336
4263
4335
4324
4432
4307
4313
4317
4440
4186
4288
4331
4321
4452
4416
4475
4314
4428
4322
4406
4432
4331
4448
4290
4315
4262
4407
4316
4340
4545
4248
4423
4402
4428
4382
4349
4560
4371
4274
4397
4411
4566
4417
4406
4398
4518
4400
4324
4326
4503
4528
4467
4495
4458
4360
4308
4432
4422
4260
4540
4276
4390
4395
4206
4291
4372
4527
4384
4545
4312
4391
4348
4434
4420
4308
4415
4324
4249
4408
4305
4492
4393
4517
4300
4504
4493
4330
4448
4359
4466
4416
4350
4452
4377
4393
4498
4364
4447
4381
4441
4477
4479
4325
4567
4420
4194
4485
4427
4436
4388
4358
4393
4329
4389
4353
4544
4514
4490
4547
4592
4401
4265
4360
4423
4366
4333
4471
4469
4509
4365
4416
4346
4454
4384
4452
4363
4442
4296
4462
4550
4406
4411
4580
4405
4672
4408
4497
4411
4356
4408
4548
4370
4452
4364
4482
4496
4322
4430
4372
4334
4474
4402
4406
4533
4626
4564
4455
4556
4568
4372
4452
4434
4442
4460
4513
4348
4476
4407
4436
4484
4562
4582
4484
4516
4349
4601
4349
4479
4420
4447
4658
4384
4515
4564
4477
4436
4495
4613
4489
4530
4559
4538
4450
4528
4546
4500
4460
4570
4413
4674
4453
4363
4513
4482
4504
4459
4559
4439
4439
4467
4601
4553
4495
4507
4618
4505
4383
4427
4580
4427
4373
4396
4399
4500
4398
4468
4467
4564
4489
4417
4493
4512
4314
4559
4440
4592
4380
4574
4591
4400
4534
4550
4599
4484
4535
4276
4768
4579
4517
4561
4408
4575
4586
4546
4495
4346
4701
4449
4453
4510
4564
4734
4479
4576
4426
4589
4559
4490
4571
4459
4585
4561
4539
4441
4669
4564
4591
4390
4495
4502
4459
4455
4496
4511
4518
4540
4507
4510
4601
4532
4588
4615
4767
4554
4418
4385
4439
4481
4593
4578
4464
4705
4641
4618
4459
4489
4576
4580
4572
4627
4769
4571
4555
4606
4541
4641
4457
4583
4539
4564
4581
4556
4630
4572
4511
4618
4695
4590
4479
4632
4618
4453
4561
4513
4550
4795
4645
4603
4737
4580
4648
4611
4538
4584
4722
4581
4667
4660
4690
4627
4519
4631
4687
4601
4662
4611
4651
4779
4567
4664
4547
4565
4720
4695
4618
4669
4482
4655
4721
4605
4583
4732
4649
4714
4743
4719
4690
4820
4797
4703
4619
4876
4644
4650
4771
4713
4608
4731
4702
4567
4787
4712
4708
4744
4798
4806
4777
4841
4635
4756
4604
4676
4720
4690
4713
4842
4811
4796
4868
4805
4864
4719
4734
4683
4711
4585
4876
4922
4616
4663
4908
4592
4742
4675
4874
4696
4776
4704
4676
4511
4732
4840
4684
4679
4662
4759
4918
4780
4751
4875
4662
4587
4884
4800
4748
4756
4841
4562
4678
4911
4893
4870
4796
4760
4858
4666
4855
4797
4890
4904
4857
4773
4992
4881
4800
4649
4840
4928
4764
4910
4991
4722
4772
5021
4684
4877
4891
5021
4951
4898
4850
4877
4848
4743
4865
4859
4739
4836
4676
4870
5083
4923
4971
4964
4772
4906
4881
5044
4919
5000
4779
4884
4761
4986
4876
4808
4905
4987
4999
4751
4768
5021
4922
4938
5054
4963
4913
4820
4984
4952
4872
4800
4924
4863
5007
4823
4934
5080
4949
4971
4963
5079
5071
5018
4962
4841
4923
4957
4940
4963
4807
4986
4909
5074
5180
4888
5008
5003
4992
4948
4923
4971
5099
4880
4942
4939
4952
5098
4935
5007
5061
5047
4951
5131
4979
4864
4917
4929
4962
5140
5018
4911
5139
4892
5207
4844
5161
5001
5024
4918
5001
5138
5205
4993
4930
5091
5035
5150
5330
5236
5071
5143
5083
5277
5063
5214
5252
5135
5076
5170
5112
5279
5306
5236
4917
5285
5097
5167
5217
5112
5165
5099
5229
5250
5255
5188
5209
5227
5051
5144
5070
5184
5101
5233
4974
5236
5126
5184
5224
5108
5165
5078
5320
5356
5036
5090
5285
5207
5134
5252
5225
5175
5316
4998
5233
5363
5109
5178
5217
5322
5280
5204
5164
5243
5211
5309
5466
5357
5350
5239
5267
5237
5314
5293
5316
5208
5362
5321
5371
5264
5226
5293
5434
5396
5274
5257
5293
5313
5250
5334
5350
5224
5222
5236
5180
5235
5316
5310
5311
5432
5388
5281
5213
5215
5172
5125
5288
5362
5354
5277
5396
5410
5546
5395
5357
5320
5360
5545
5496
5355
5425
5344
5297
5514
5377
5401
5371
5500
5371
5431
5289
5540
5500
5314
5387
5398
5429
5379
5598
5408
5493
5533
5448
5454
5394
5541
5445
5376
5423
5393
5403
5372
5382
5501
5407
5344
5475
5622
5361
5433
5503
5492
5453
5323
5510
5529
5473
5463
5633
5502
5352
5588
5521
5587
5465
5324
5741
5396
5645
5601
5470
5642
5558
5562
5406
5549
5604
5677
5559
5534
5567
5893
5567
5661
5514
5582
5726
5670
5541
5602
5434
5693
5614
5741
5753
5566
5614
5880
5703
5676
5800
5515
5616
5791
5668
5604
5662
5696
5572
5704
5904
5920
5780
5798
5723
5599
5606
5680
5733
5838
5629
5837
5729
5688
5728
5832
5836
6069
5878
5929
5920
5928
5677
5817
5671
5675
5797
5657
5804
5841
5765
5726
5977
6076
5891
5901
5789
5933
5948
6020
5796
6051
5830
5873
5778
5929
5744
5885
5988
6002
5910
5896
5914
6030
6011
6071
6093
6096
6046
6167
6178
5864
6045
6052
5896
6018
5992
5969
5994
6089
5975
6133
6073
6006
5986
6177
5995
6296
6046
6122
6027
6124
6095
6189
6333
6159
6274
6364
6096
6315
6215
6376
6126
6078
6191
6221
6379
6363
6458
6363
6136
6260
6481
6572
6459
6437
6502
6359
6363
6379
6186
6460
6499
6450
6335
6397
6504
6419
6467
6332
6473
6557
6401
6625
6508
6657
6532
6369
6634
6705
6552
6502
6552
6559
6545
6516
6690
6603
6724
6754
6425
6831
6677
6855
6787
6847
6845
6697
6951
6656
6812
6895
6738
6806
6816
6992
6734
6807
6791
6829
6958
6919
6968
7087
7054
7005
7084
7010
7123
6988
6882
6978
7188
7007
7032
7087
7034
7157
7014
7112
7007
7109
6933
7112
7161
7204
7156
7242
7296
7161
7419
7426
7363
7261
7266
7221
7243
7227
7439
7352
7603
7453
7546
7527
7660
7456
7590
7457
7496
7664
7267
7580
7714
7622
7807
7640
7473
7713
7571
7873
7630
7617
7627
7573
7728
7899
7914
7937
7819
7716
7844
7886
8110
7890
7768
7924
8157
8045
7717
7909
8042
8266
7939
7984
8042
7944
8144
8044
8038
8166
8147
8161
8249
8195
8401
8382
8230
8210
8348
8185
8347
8536
8382
8413
8190
8250
8404
8165
8292
8129
8424
8401
8526
8534
8760
8678
8433
8674
8616
8711
8555
8591
8881
8780
8732
8566
8933
8670
8616
8809
8853
8732
9016
9122
8982
9483
9144
9079
9143
9369
9165
9378
9194
9357
9213
9252
9187
9465
9618
9300
9414
9653
9502
9456
9442
9591
9561
9791
9550
9654
9864
9796
9786
9532
10012
9796
9983
9857
9820
9859
9956
10051
9947
10025
9874
10301
9854
10402
10022
10165
10136
10394
10373
10315
10268
10226
10288
10145
10323
10509
10279
10436
10417
10744
10527
10537
10608
10579
10713
10585
10748
10677
10738
11001
10804
10856
10822
10853
11101
10839
11089
11014
11224
11108
11348
11151
11266
11318
11204
11240
11162
11296
11330
11326
11221
11524
11504
11510
11496
11389
11522
11524
11831
11591
11770
11753
11673
12084
11826
12029
12085
12189
12125
12043
12240
12146
11977
12426
12293
12386
12487
12578
12711
12651
12610
12720
12826
12855
12666
12978
12848
13143
13238
13216
13113
12874
13226
13372
13360
13504
13543
13472
13522
13572
13586
13845
13864
13814
14285
13691
13976
13987
13990
14204
14420
14413
14600
14605
14651
14858
14884
14973
14768
15129
14983
15088
15032
15137
15216
15222
15405
15625
15450
15597
15560
15490
15816
15704
15708
15849
15751
16002
16128
15737
16100
15784
16307
16386
16187
16068
16179
16130
16431
16052
16337
16330
16429
16325
16434
16198
16632
16458
16342
16717
16274
16614
16419
16292
16607
16485
16347
16657
16693
16622
16978
16658
16821
16624
16924
16726
16890
16732
16889
16439
16494
16690
16220
16424
16470
16406
16405
16477
16696
16308
16381
16299
16416
16357
16330
16532
16155
16272
16108
16025
16052
15732
15925
15939
16049
16139
15748
15637
15607
15460
15282
15472
15567
15335
15620
15623
15175
15276
15274
15279
15156
15013
15099
15164
14890
14694
14887
14891
14898
14477
14200
14100
14362
14020
13998
13908
13736
13705
13700
13972
14045
13661
13660
13598
13826
13521
13526
13492
13692
13532
13493
13257
13429
13732
13318
13599
13551
13476
13269
13485
13262
13392
13306
13293
13465
13019
13082
12842
13150
12908
13122
12986
12940
12986
13005
13058
13203
13066
12695
12259
12262
11905
12442
12650
12584
12909
12919
12753
12602
12750
12686
12580
12602
12292
12458
12409
12692
12455
12338
12517
12220
12534
12233
12059
12254
12153
12245
12146
12378
12253
12174
12326
12146
12064
12299
11917
11738
11876
11420
11654
11622
11878
11864
12026
11878
12142
11869
12037
12058
11851
11828
11888
11674
11598
11631
11486
11545
11773
11676
11934
11767
11837
12005
11722
11749
11460
11506
11529
11358
11335
11248
11556
11709
11590
11972
11508
11600
11504
11533
11689
11562
11354
11368
11261
11338
11657
11359
11682
11392
11897
12010
12036
11451
11508
11756
11624
11451
11645
11828
11450
11623
11992
11682
12116
11733
11901
11776
11747
11803
11951
11791
11637
11742
11807
12036
11858
11870
11548
11689
12072
12079
11813
11695
11653
11841
11956
11991
11802
11786
11833
11837
11704
11857
11901
11868
11942
11806
12091
11724
11945
12021
11986
11999
11743
11547
11820
11802
11691
12154
12018
11772
11948
12088
12182
11970
12248
12318
12279
12237
12418
12293
11997
12058
12059
12179
12286
12482
12624
12557
12407
12146
12122
12454
12016
11880
12205
12812
12589
12717
12358
12603
12805
12720
12957
12866
12778
12782
12462
12406
12604
12780
12607
12613
12960
13272
13137
13000
13140
12877
12950
12893
13051
12847
13011
13241
13211
13461
13056
13012
12928
12826
12766
13013
13096
13431
13209
12942
13534
13161
12984
12548
12672
12597
12703
12786
13182
13319
13245
13339
13834
13814
13458
13841
13565
13578
13853
13981
13568
13603
13386
13719
13807
13745
13688
13903
13983
14180
14221
14334
14226
14137
13996
14253
14110
14553
14172
14262
14511
14235
14492
14650
14182
14509
14315
14445
14526
14676
14316
14662
14734
14583
14939
14745
14449
14997
14904
14930
14912
14833
15005
15111
15066
15036
15124
14646
14397
14870
15021
15220
15148
15372
15609
15401
15449
15724
15461
15235
15793
15833
15968
15962
16180
15810
15578
16285
16114
16489
16043
16218
16224
16372
16647
16178
16587
16497
16498
16356
16602
16848
16847
16674
17086
16322
16913
16956
17082
17185
16873
17309
17303
16971
17149
17300
17147
17228
17328
17261
17520
17489
17439
17287
17577
17355
17584
17412
17684
17750
17305
17557
17460
17664
17674
17758
17920
17988
17887
18167
18028
17808
18357
18131
18459
18318
18347
18367
18313
18284
18413
18405
18313
18085
18578
18020
18842
18574
18438
18614
18977
19224
19380
19339
18970
19182
19138
18993
19161
19075
19204
19033
19652
19763
19957
19837
20090
19942
20198
20392
20230
20469
20736
21020
20864
21120
21206
21396
21195
21399
21541
21640
21535
21540
21881
21797
21912
21990
21896
22098
22272
22423
22678
22371
22670
23003
23290
23257
23584
23188
23848
23704
24067
23853
24148
23995
24200
24550
24362
24374
24357
24460
24877
24925
24916
25092
25132
24868
24920
25509
25898
25580
25813
25762
26205
26343
25954
26093
26356
26024
26258
26223
26301
26566
26320
27090
27200
27048
27229
27336
27056
26940
27149
27333
27122
27374
27289
27250
27358
26831
27051
27176
27172
27269
27035
26748
27069
26968
27179
27487
26970
26737
26688
26734
26372
27040
26468
26873
27076
26846
27260
26865
26472
26782
26490
26414
26122
26452
26568
26234
25994
25993
25925
25752
25678
25713
25926
25728
25434
25428
25197
25477
25110
25068
25140
24869
24727
24709
24746
24874
24494
24365
24267
24247
24138
23978
23652
23837
23452
23429
23109
22962
23261
22992
23024
22932
22751
22514
22573
22445
22322
22246
22199
22421
21930
21776
21510
21764
21536
21449
21466
21419
21128
21156
21202
20727
20607
20362
20501
20436
20413
20388
20352
20165
20061
19643
19921
19916
19668
19584
19510
19440
19478
19069
19064
18907
18972
18900
19012
19066
18822
18303
18618
18309
18137
18429
17952
17825
17900
17887
17638
17524
17258
17111
17220
17383
17012
17322
16984
16964
17021
16875
16859
16782
16930
16415
16854
16576
16674
16724
16213
16267
16338
16111
16361
16147
16082
16090
15988
15789
16060
15597
15597
15605
15546
15566
15454
15099
15201
15222
15156
15040
15178
14894
15100
14976
14919
14779
14960
14748
14823
14439
14538
14602
14469
14715
14452
13980
14033
13986
13758
13764
13952
13943
14232
14322
14009
13881
13957
14128
14178
13789
13909
13629
13658
13726
13916
14004
13598
13562
13333
13393
13492
13306
13379
13316
13216
13245
13229
13026
13182
12963
12961
12844
12940
12684
12732
12517
12610
12640
12808
12662
12482
12620
12593
12628
12544
12195
12468
12422
12396
12480
12332
12263
12443
12292
12269
12229
12130
12198
12217
12288
12230
12134
11889
12010
11832
12191
12104
12025
12018
11650
11828
11787
11688
11755
11701
11387
11851
11514
11759
11588
11177
11352
11528
11694
11404
11543
11269
11513
11306
11397
11308
11237
11106
11234
11154
11049
10932
11016
11185
11078
10834
10776
10795
11236
10632
11152
11080
10830
10970
10836
10654
10810
10820
10762
10719
10846
10448
10542
10462
10928
10456
10571
10622
10489
10409
10347
10428
10462
10240
10454
10004
10339
10379
9865
10241
10348
10228
10361
10232
10217
9982
10186
10132
10088
9966
10019
9852
10038
9881
9850
10033
9958
10018
9814
9755
9691
9839
9735
9865
9746
9793
9663
9515
9723
9773
10045
9575
9611
9634
9557
9764
9594
9862
9572
9543
9740
9784
9608
9592
9464
9472
9682
9544
9318
9444
9408
9282
9379
9453
9460
9508
9394
9578
9356
9295
9270
9351
9087
9359
9270
9139
9303
9213
9153
9310
9249
9151
8983
9089
8887
9037
9068
9269
9007
9001
9020
9030
8783
9138
8935
9038
8964
8916
8778
8696
8574
8866
9021
8753
8800
8837
8722
8732
8690
8722
8861
8728
8778
8621
8538
8574
8652
8674
8597
8445
8645
8469
8367
8452
8429
8463
8456
8436
8343
8524
8197
8212
8401
8396
8342
8213
8307
8394
8035
8280
8345
8147
8284
8243
8167
8248
8021
8069
8238
8207
8109
8089
8084
8260
7864
8020
8005
8095
8058
8127
7953
8073
7898
7961
7821
7945
7884
7819
7763
7829
7846
7905
7775
7738
7687
7878
7672
7680
7576
7770
7720
7639
7754
7467
7698
7729
7737
7723
7587
7750
7729
7845
7758
7905
7664
7685
7712
7626
7704
7474
7586
7565
7560
7486
7424
7436
7466
7408
7327
7243
7466
7297
7310
7314
7544
7336
7171
6957
6861
6606
6491
6479
6716
6751
7116
7017
6944
6937
7002
7149
7129
7404
7225
7375
7176
7462
7148
7041
7118
7003
7220
7280
7073
7280
7112
7134
7045
7147
7066
7067
